 0.000000 0.000000 0
-1.000000 0.000000 0
-1.000000 1.000000 0
 0.000000 -1.000000 0
 0.000000 1.000000 0
 1.000000 -1.000000 0
 1.000000 0.000000 0
-2.000000 1.000000 0
-1.000000 -1.000000 0
-1.000000 2.000000 0
 1.000000 -2.000000 0
 1.000000 1.000000 0
 2.000000 -1.000000 0
-2.000000 0.000000 0
-2.000000 2.000000 0
 0.000000 -2.000000 0
 0.000000 2.000000 0
 2.000000 -2.000000 0
 2.000000 0.000000 0
-3.000000 1.000000 0
-3.000000 2.000000 0
-2.000000 -1.000000 0
-2.000000 3.000000 0
-1.000000 -2.000000 0
-1.000000 3.000000 0
 1.000000 -3.000000 0
 1.000000 2.000000 0
 2.000000 -3.000000 0
 2.000000 1.000000 0
 3.000000 -2.000000 0
 3.000000 -1.000000 0
-3.000000 0.000000 0
-3.000000 3.000000 0
 0.000000 -3.000000 0
 0.000000 3.000000 0
 3.000000 -3.000000 0
 3.000000 0.000000 0
-4.000000 2.000000 0
-2.000000 -2.000000 0
-2.000000 4.000000 0
 2.000000 -4.000000 0
 2.000000 2.000000 0
 4.000000 -2.000000 0
-4.000000 1.000000 0
-4.000000 3.000000 0
-3.000000 -1.000000 0
-3.000000 4.000000 0
-1.000000 -3.000000 0
-1.000000 4.000000 0
 1.000000 -4.000000 0
 1.000000 3.000000 0
 3.000000 -4.000000 0
 3.000000 1.000000 0
 4.000000 -3.000000 0
 4.000000 -1.000000 0
