# 1st beam index, 2nd beam index, beam set, energy, intencity
1.0 1.0 0 210.0 136.1803
1.0 1.0 0 211.0 178.4033
1.0 1.0 0 212.0 200.4863
1.0 1.0 0 213.0 220.5878
1.0 1.0 0 214.0 258.3607
1.0 1.0 0 215.0 336.0316
1.0 1.0 0 216.0 457.1268
1.0 1.0 0 217.0 604.8387
1.0 1.0 0 218.0 758.2106
1.0 1.0 0 219.0 909.5105
1.0 1.0 0 220.0 1063.456
1.0 1.0 0 221.0 1191.646
1.0 1.0 0 222.0 1254.855
1.0 1.0 0 223.0 1262.919
1.0 1.0 0 224.0 1252.91
1.0 1.0 0 225.0 1258.807
1.0 1.0 0 226.0 1301.69
1.0 1.0 0 227.0 1383.651
1.0 1.0 0 228.0 1495.054
1.0 1.0 0 229.0 1621.768
1.0 1.0 0 230.0 1761.465
1.0 1.0 0 231.0 1934.812
1.0 1.0 0 232.0 2161.444
1.0 1.0 0 233.0 2426.325
1.0 1.0 0 234.0 2710.438
1.0 1.0 0 235.0 3048.525
1.0 1.0 0 236.0 3482.663
1.0 1.0 0 237.0 3978.956
1.0 1.0 0 238.0 4473.762
1.0 1.0 0 239.0 4947.212
1.0 1.0 0 240.0 5386.875
1.0 1.0 0 241.0 5757.9
1.0 1.0 0 242.0 6031.919
1.0 1.0 0 243.0 6195.438
1.0 1.0 0 244.0 6240.806
1.0 1.0 0 245.0 6161.65
1.0 1.0 0 246.0 5953.719
1.0 1.0 0 247.0 5620.838
1.0 1.0 0 248.0 5169.487
1.0 1.0 0 249.0 4618.05
1.0 1.0 0 250.0 4014.55
1.0 1.0 0 251.0 3415.831
1.0 1.0 0 252.0 2866.837
1.0 1.0 0 253.0 2401.569
1.0 1.0 0 254.0 2032.01
1.0 1.0 0 255.0 1755.696
1.0 1.0 0 256.0 1596.066
1.0 1.0 0 257.0 1610.24
1.0 1.0 0 258.0 1862.222
1.0 1.0 0 259.0 2397.85
1.0 1.0 0 260.0 3239.881
1.0 1.0 0 261.0 4400.025
1.0 1.0 0 262.0 5814.85
1.0 1.0 0 263.0 7259.85
1.0 1.0 0 264.0 8450.594
1.0 1.0 0 265.0 9219.844
1.0 1.0 0 266.0 9562.182
1.0 1.0 0 267.0 9602.132
1.0 1.0 0 268.0 9489.719
1.0 1.0 0 269.0 9298.682
1.0 1.0 0 270.0 9070.138
1.0 1.0 0 271.0 8852.325
1.0 1.0 0 272.0 8667.663
1.0 1.0 0 273.0 8511.263
1.0 1.0 0 274.0 8350.081
1.0 1.0 0 275.0 8134.288
1.0 1.0 0 276.0 7835.831
1.0 1.0 0 277.0 7438.882
1.0 1.0 0 278.0 6935.151
1.0 1.0 0 279.0 6352.688
1.0 1.0 0 280.0 5728.15
1.0 1.0 0 281.0 5060.688
1.0 1.0 0 282.0 4332.981
1.0 1.0 0 283.0 3558.844
1.0 1.0 0 284.0 2793.748
1.0 1.0 0 285.0 2098.905
1.0 1.0 0 286.0 1513.478
1.0 1.0 0 287.0 1063.021
1.0 1.0 0 288.0 751.06
1.0 1.0 0 289.0 558.5775
1.0 1.0 0 290.0 481.7162
1.0 1.0 0 291.0 531.1119
1.0 1.0 0 292.0 692.24
1.0 1.0 0 293.0 923.525
1.0 1.0 0 294.0 1186.483
1.0 1.0 0 295.0 1460.258
1.0 1.0 0 296.0 1720.56
1.0 1.0 0 297.0 1925.569
1.0 1.0 0 298.0 2054.769
1.0 1.0 0 299.0 2115.969
1.0 1.0 0 300.0 2107.894
1.0 1.0 0 301.0 2037.131
1.0 1.0 0 302.0 1930.031
1.0 1.0 0 303.0 1801.713
1.0 1.0 0 304.0 1660.178
1.0 1.0 0 305.0 1526.154
1.0 1.0 0 306.0 1414.506
1.0 1.0 0 307.0 1330.569
1.0 1.0 0 308.0 1294.71
1.0 1.0 0 309.0 1316.969
1.0 1.0 0 310.0 1383.482
1.0 1.0 0 311.0 1476.482
1.0 1.0 0 312.0 1582.668
1.0 1.0 0 313.0 1728.369
1.0 1.0 0 314.0 1957.869
1.0 1.0 0 315.0 2273.644
1.0 1.0 0 316.0 2664.006
1.0 1.0 0 317.0 3132.569
1.0 1.0 0 318.0 3679.438
1.0 1.0 0 319.0 4295.156
1.0 1.0 0 320.0 4955.606
1.0 1.0 0 321.0 5626.362
1.0 1.0 0 322.0 6283.306
1.0 1.0 0 323.0 6909.013
1.0 1.0 0 324.0 7491.156
1.0 1.0 0 325.0 8030.163
1.0 1.0 0 326.0 8514.77
1.0 1.0 0 327.0 8910.656
1.0 1.0 0 328.0 9202.95
1.0 1.0 0 329.0 9422.038
1.0 1.0 0 330.0 9597.775
1.0 1.0 0 331.0 9702.856
1.0 1.0 0 332.0 9704.132
1.0 1.0 0 333.0 9626.888
1.0 1.0 0 334.0 9461.457
1.0 1.0 0 335.0 9122.731
1.0 1.0 0 336.0 8579.794
1.0 1.0 0 337.0 7893.95
1.0 1.0 0 338.0 7144.994
1.0 1.0 0 339.0 6396.144
1.0 1.0 0 340.0 5701.694
1.0 1.0 0 341.0 5134.319
1.0 1.0 0 342.0 4763.188
1.0 1.0 0 343.0 4623.788
1.0 1.0 0 344.0 4752.669
1.0 1.0 0 345.0 5182.025
1.0 1.0 0 346.0 5897.938
1.0 1.0 0 347.0 6839.312
1.0 1.0 0 348.0 7920.832
1.0 1.0 0 349.0 9080.869
1.0 1.0 0 350.0 10294.88
1.0 1.0 0 351.0 11528.87
1.0 1.0 0 352.0 12738.84
1.0 1.0 0 353.0 13875.93
1.0 1.0 0 354.0 14868.84
1.0 1.0 0 355.0 15667.62
1.0 1.0 0 356.0 16275.38
1.0 1.0 0 357.0 16707.81
1.0 1.0 0 358.0 16940.5
1.0 1.0 0 359.0 16932.0
1.0 1.0 0 360.0 16680.19
1.0 1.0 0 361.0 16181.88
1.0 1.0 0 362.0 15394.56
1.0 1.0 0 363.0 14275.54
1.0 1.0 0 364.0 12831.81
1.0 1.0 0 365.0 11157.74
1.0 1.0 0 366.0 9394.731
1.0 1.0 0 367.0 7665.194
1.0 1.0 0 368.0 6095.244
1.0 1.0 0 369.0 4807.069
1.0 1.0 0 370.0 3836.369
1.0 1.0 0 371.0 3148.931
1.0 1.0 0 372.0 2709.269
1.0 1.0 0 373.0 2484.55
1.0 1.0 0 374.0 2442.581
1.0 1.0 0 375.0 2524.075
1.0 1.0 0 376.0 2638.931
1.0 1.0 0 377.0 2742.844
1.0 1.0 0 378.0 2838.044
1.0 1.0 0 379.0 2914.756
1.0 1.0 0 380.0 2966.819
1.0 1.0 0 381.0 3002.944
1.0 1.0 0 382.0 3012.506
1.0 1.0 0 383.0 2979.462
1.0 1.0 0 384.0 2913.269
1.0 1.0 0 385.0 2819.131
1.0 1.0 0 386.0 2692.694
1.0 1.0 0 387.0 2553.188
1.0 1.0 0 388.0 2409.856
1.0 1.0 0 389.0 2238.794
1.0 1.0 0 390.0 2033.094
1.0 1.0 0 391.0 1807.706
1.0 1.0 0 392.0 1565.158
1.0 1.0 0 393.0 1307.364
1.0 1.0 0 394.0 1055.01
1.0 1.0 0 395.0 835.6882
1.0 1.0 0 396.0 664.2112
1.0 1.0 0 397.0 542.3638
1.0 1.0 0 398.0 470.0181
1.0 1.0 0 399.0 440.3638
1.0 1.0 0 400.0 442.4037
1.0 1.0 0 401.0 479.8887
1.0 1.0 0 402.0 550.0881
1.0 1.0 0 403.0 627.8738
1.0 1.0 0 404.0 700.7932
1.0 1.0 0 405.0 763.3638
1.0 1.0 0 406.0 802.9419
1.0 1.0 0 407.0 823.1719
1.0 1.0 0 408.0 831.5976
1.0 1.0 0 409.0 826.7207
1.0 1.0 0 410.0 818.6669
1.0 1.0 0 411.0 822.1306
1.0 1.0 0 412.0 831.13
1.0 1.0 0 413.0 829.5894
1.0 1.0 0 414.0 818.9325
1.0 1.0 0 415.0 816.4888
1.0 1.0 0 416.0 827.4325
1.0 1.0 0 417.0 846.8869
1.0 1.0 0 418.0 890.5025
1.0 1.0 0 419.0 980.7936
1.0 1.0 0 420.0 1111.099
1.0 1.0 0 421.0 1247.301
1.0 1.0 0 422.0 1368.022
1.0 1.0 0 423.0 1494.725
1.0 1.0 0 424.0 1662.069
1.0 1.0 0 425.0 1872.125
1.0 1.0 0 426.0 2101.519
1.0 1.0 0 427.0 2347.062
1.0 1.0 0 428.0 2627.562
1.0 1.0 0 429.0 2937.706
1.0 1.0 0 430.0 3253.694
1.0 1.0 0 431.0 3574.144
1.0 1.0 0 432.0 3899.269
1.0 1.0 0 433.0 4204.312
1.0 1.0 0 434.0 4463.775
1.0 1.0 0 435.0 4659.7
1.0 1.0 0 436.0 4779.869
1.0 1.0 0 437.0 4827.15
1.0 1.0 0 438.0 4817.694
1.0 1.0 0 439.0 4771.156
1.0 1.0 0 440.0 4680.95
1.0 1.0 0 441.0 4523.062
1.0 1.0 0 442.0 4305.781
1.0 1.0 0 443.0 4038.775
1.0 1.0 0 444.0 3699.519
1.0 1.0 0 445.0 3290.244
1.0 1.0 0 446.0 2850.156
1.0 1.0 0 447.0 2416.55
1.0 1.0 0 448.0 2033.731
1.0 1.0 0 449.0 1738.675
1.0 1.0 0 450.0 1547.106
1.0 1.0 0 451.0 1503.225
1.0 1.0 0 452.0 1659.731
1.0 1.0 0 453.0 2025.55
1.0 1.0 0 454.0 2590.587
1.0 1.0 0 455.0 3358.987
1.0 1.0 0 456.0 4356.462
1.0 1.0 0 457.0 5580.569
1.0 1.0 0 458.0 6962.138
1.0 1.0 0 459.0 8429.238
1.0 1.0 0 460.0 9947.55
1.0 1.0 0 461.0 11503.47
1.0 1.0 0 462.0 13053.88
1.0 1.0 0 463.0 14480.17
1.0 1.0 0 464.0 15697.38
1.0 1.0 0 465.0 16723.75
1.0 1.0 0 466.0 17568.44
1.0 1.0 0 467.0 18203.81
1.0 1.0 0 468.0 18600.12
1.0 1.0 0 469.0 18697.88
1.0 1.0 0 470.0 18497.06
1.0 1.0 0 471.0 18152.81
1.0 1.0 0 472.0 17778.81
1.0 1.0 0 473.0 17321.94
1.0 1.0 0 474.0 16758.81
1.0 1.0 0 475.0 16118.12
1.0 1.0 0 476.0 15347.81
1.0 1.0 0 477.0 14403.25
1.0 1.0 0 478.0 13336.61
1.0 1.0 0 479.0 12219.38
1.0 1.0 0 480.0 11065.72
1.0 1.0 0 481.0 9837.369
1.0 1.0 0 482.0 8506.269
1.0 1.0 0 483.0 7103.769
1.0 1.0 0 484.0 5706.688
1.0 1.0 0 485.0 4384.725
1.0 1.0 0 486.0 3186.108
1.0 1.0 0 487.0 2182.29
1.0 1.0 0 488.0 1456.486
1.0 1.0 0 489.0 1034.184
1.0 1.0 0 490.0 871.3881
1.0 1.0 0 491.0 883.4475
1.0 1.0 0 492.0 985.9574
1.0 1.0 0 493.0 1123.126
1.0 1.0 0 494.0 1253.75
1.0 1.0 0 495.0 1355.092
1.0 1.0 0 496.0 1423.421
1.0 1.0 0 497.0 1445.924
1.0 1.0 0 498.0 1410.171
1.0 1.0 0 499.0 1334.578
1.0 1.0 0 500.0 1278.126
1.0 0.0 0 78.0 18816.72
1.0 0.0 0 79.0 17124.63
1.0 0.0 0 80.0 15420.9
1.0 0.0 0 81.0 13654.59
1.0 0.0 0 82.0 11766.97
1.0 0.0 0 83.0 9798.968
1.0 0.0 0 84.0 7929.521
1.0 0.0 0 85.0 6369.833
1.0 0.0 0 86.0 5223.949
1.0 0.0 0 87.0 4461.401
1.0 0.0 0 88.0 3997.806
1.0 0.0 0 89.0 3763.826
1.0 0.0 0 90.0 3699.841
1.0 0.0 0 91.0 3727.213
1.0 0.0 0 92.0 3757.492
1.0 0.0 0 93.0 3727.806
1.0 0.0 0 94.0 3615.966
1.0 0.0 0 95.0 3424.124
1.0 0.0 0 96.0 3156.592
1.0 0.0 0 97.0 2813.854
1.0 0.0 0 98.0 2404.472
1.0 0.0 0 99.0 1963.544
1.0 0.0 0 100.0 1559.744
1.0 0.0 0 101.0 1277.27
1.0 0.0 0 102.0 1181.394
1.0 0.0 0 103.0 1295.624
1.0 0.0 0 104.0 1607.098
1.0 0.0 0 105.0 2088.252
1.0 0.0 0 106.0 2715.062
1.0 0.0 0 107.0 3477.382
1.0 0.0 0 108.0 4383.482
1.0 0.0 0 109.0 5451.771
1.0 0.0 0 110.0 6685.37
1.0 0.0 0 111.0 8046.643
1.0 0.0 0 112.0 9456.599
1.0 0.0 0 113.0 10820.64
1.0 0.0 0 114.0 12057.88
1.0 0.0 0 115.0 13119.46
1.0 0.0 0 116.0 14008.05
1.0 0.0 0 117.0 14814.43
1.0 0.0 0 118.0 15757.8
1.0 0.0 0 119.0 17185.98
1.0 0.0 0 120.0 19500.17
1.0 0.0 0 121.0 23019.44
1.0 0.0 0 122.0 27852.8
1.0 0.0 0 123.0 33849.15
1.0 0.0 0 124.0 40634.36
1.0 0.0 0 125.0 47677.82
1.0 0.0 0 126.0 54331.74
1.0 0.0 0 127.0 59857.0
1.0 0.0 0 128.0 63506.97
1.0 0.0 0 129.0 64709.28
1.0 0.0 0 130.0 63286.32
1.0 0.0 0 131.0 59583.98
1.0 0.0 0 132.0 54406.75
1.0 0.0 0 133.0 48765.81
1.0 0.0 0 134.0 43556.53
1.0 0.0 0 135.0 39316.11
1.0 0.0 0 136.0 36154.13
1.0 0.0 0 137.0 33845.72
1.0 0.0 0 138.0 32003.69
1.0 0.0 0 139.0 30242.17
1.0 0.0 0 140.0 28285.29
1.0 0.0 0 141.0 26012.91
1.0 0.0 0 142.0 23451.09
1.0 0.0 0 143.0 20723.49
1.0 0.0 0 144.0 17989.44
1.0 0.0 0 145.0 15396.06
1.0 0.0 0 146.0 13056.07
1.0 0.0 0 147.0 11042.42
1.0 0.0 0 148.0 9384.045
1.0 0.0 0 149.0 8057.367
1.0 0.0 0 150.0 6984.263
1.0 0.0 0 151.0 6052.59
1.0 0.0 0 152.0 5160.537
1.0 0.0 0 153.0 4261.501
1.0 0.0 0 154.0 3377.673
1.0 0.0 0 155.0 2573.258
1.0 0.0 0 156.0 1912.307
1.0 0.0 0 157.0 1435.279
1.0 0.0 0 158.0 1163.706
1.0 0.0 0 159.0 1113.509
1.0 0.0 0 160.0 1294.901
1.0 0.0 0 161.0 1697.745
1.0 0.0 0 162.0 2279.555
1.0 0.0 0 163.0 2972.013
1.0 0.0 0 164.0 3705.724
1.0 0.0 0 165.0 4438.408
1.0 0.0 0 166.0 5171.137
1.0 0.0 0 167.0 5948.333
1.0 0.0 0 168.0 6845.86
1.0 0.0 0 169.0 7949.946
1.0 0.0 0 170.0 9327.949
1.0 0.0 0 171.0 11001.26
1.0 0.0 0 172.0 12939.65
1.0 0.0 0 173.0 15084.51
1.0 0.0 0 174.0 17381.7
1.0 0.0 0 175.0 19795.41
1.0 0.0 0 176.0 22292.97
1.0 0.0 0 177.0 24813.75
1.0 0.0 0 178.0 27241.33
1.0 0.0 0 179.0 29395.4
1.0 0.0 0 180.0 31059.82
1.0 0.0 0 181.0 32050.0
1.0 0.0 0 182.0 32292.19
1.0 0.0 0 183.0 31871.18
1.0 0.0 0 184.0 31032.12
1.0 0.0 0 185.0 30161.32
1.0 0.0 0 186.0 29762.75
1.0 0.0 0 187.0 30398.97
1.0 0.0 0 188.0 32554.52
1.0 0.0 0 189.0 36440.24
1.0 0.0 0 190.0 41828.47
1.0 0.0 0 191.0 48014.49
1.0 0.0 0 192.0 53942.36
1.0 0.0 0 193.0 58468.33
1.0 0.0 0 194.0 60688.35
1.0 0.0 0 195.0 60216.82
1.0 0.0 0 196.0 57291.85
1.0 0.0 0 197.0 52642.07
1.0 0.0 0 198.0 47176.77
1.0 0.0 0 199.0 41663.55
1.0 0.0 0 200.0 36547.02
1.0 0.0 0 201.0 31952.59
1.0 0.0 0 202.0 27808.01
1.0 0.0 0 203.0 23982.72
1.0 0.0 0 204.0 20383.31
1.0 0.0 0 205.0 16994.14
1.0 0.0 0 206.0 13875.31
1.0 0.0 0 207.0 11131.14
1.0 0.0 0 208.0 8863.792
1.0 0.0 0 209.0 7132.217
1.0 0.0 0 210.0 5934.508
1.0 0.0 0 211.0 5218.614
1.0 0.0 0 212.0 4911.898
1.0 0.0 0 213.0 4954.826
1.0 0.0 0 214.0 5324.633
1.0 0.0 0 215.0 6035.486
1.0 0.0 0 216.0 7106.841
1.0 0.0 0 217.0 8509.136
1.0 0.0 0 218.0 10117.84
1.0 0.0 0 219.0 11712.06
1.0 0.0 0 220.0 13030.63
1.0 0.0 0 221.0 13861.15
1.0 0.0 0 222.0 14113.49
1.0 0.0 0 223.0 13838.67
1.0 0.0 0 224.0 13189.06
1.0 0.0 0 225.0 12348.69
1.0 0.0 0 226.0 11471.22
1.0 0.0 0 227.0 10646.14
1.0 0.0 0 228.0 9893.746
1.0 0.0 0 229.0 9181.913
1.0 0.0 0 230.0 8457.188
1.0 0.0 0 231.0 7678.648
1.0 0.0 0 232.0 6838.405
1.0 0.0 0 233.0 5959.456
1.0 0.0 0 234.0 5077.676
1.0 0.0 0 235.0 4224.068
1.0 0.0 0 236.0 3418.191
1.0 0.0 0 237.0 2672.588
1.0 0.0 0 238.0 2001.409
1.0 0.0 0 239.0 1425.6
1.0 0.0 0 240.0 970.4337
1.0 0.0 0 241.0 658.1866
1.0 0.0 0 242.0 504.1316
1.0 0.0 0 243.0 520.105
1.0 0.0 0 244.0 720.1672
1.0 0.0 0 245.0 1120.241
1.0 0.0 0 246.0 1731.131
1.0 0.0 0 247.0 2550.382
1.0 0.0 0 248.0 3556.293
1.0 0.0 0 249.0 4705.107
1.0 0.0 0 250.0 5935.126
1.0 0.0 0 251.0 7180.469
1.0 0.0 0 252.0 8387.605
1.0 0.0 0 253.0 9522.314
1.0 0.0 0 254.0 10564.03
1.0 0.0 0 255.0 11497.08
1.0 0.0 0 256.0 12307.63
1.0 0.0 0 257.0 12984.95
1.0 0.0 0 258.0 13523.05
1.0 0.0 0 259.0 13922.5
1.0 0.0 0 260.0 14192.43
1.0 0.0 0 261.0 14348.51
1.0 0.0 0 262.0 14404.51
1.0 0.0 0 263.0 14362.95
1.0 0.0 0 264.0 14212.71
1.0 0.0 0 265.0 13935.52
1.0 0.0 0 266.0 13519.52
1.0 0.0 0 267.0 12975.15
1.0 0.0 0 268.0 12343.56
1.0 0.0 0 269.0 11688.32
1.0 0.0 0 270.0 11076.53
1.0 0.0 0 271.0 10570.16
1.0 0.0 0 272.0 10238.86
1.0 0.0 0 273.0 10182.48
1.0 0.0 0 274.0 10548.8
1.0 0.0 0 275.0 11546.53
1.0 0.0 0 276.0 13446.83
1.0 0.0 0 277.0 16538.63
1.0 0.0 0 278.0 21012.87
1.0 0.0 0 279.0 26823.42
1.0 0.0 0 280.0 33627.17
1.0 0.0 0 281.0 40857.91
1.0 0.0 0 282.0 47880.86
1.0 0.0 0 283.0 54132.29
1.0 0.0 0 284.0 59208.59
1.0 0.0 0 285.0 62928.68
1.0 0.0 0 286.0 65368.57
1.0 0.0 0 287.0 66817.64
1.0 0.0 0 288.0 67638.54
1.0 0.0 0 289.0 68108.64
1.0 0.0 0 290.0 68354.38
1.0 0.0 0 291.0 68402.51
1.0 0.0 0 292.0 68263.43
1.0 0.0 0 293.0 67957.85
1.0 0.0 0 294.0 67489.94
1.0 0.0 0 295.0 66833.65
1.0 0.0 0 296.0 65960.78
1.0 0.0 0 297.0 64868.14
1.0 0.0 0 298.0 63560.22
1.0 0.0 0 299.0 62009.1
1.0 0.0 0 300.0 60143.23
1.0 0.0 0 301.0 57865.97
1.0 0.0 0 302.0 55056.04
1.0 0.0 0 303.0 51542.5
1.0 0.0 0 304.0 47124.47
1.0 0.0 0 305.0 41691.08
1.0 0.0 0 306.0 35377.15
1.0 0.0 0 307.0 28612.41
1.0 0.0 0 308.0 21999.55
1.0 0.0 0 309.0 16107.7
1.0 0.0 0 310.0 11321.26
1.0 0.0 0 311.0 7800.636
1.0 0.0 0 312.0 5514.18
1.0 0.0 0 313.0 4290.028
1.0 0.0 0 314.0 3876.033
1.0 0.0 0 315.0 4006.224
1.0 0.0 0 316.0 4452.432
1.0 0.0 0 317.0 5041.772
1.0 0.0 0 318.0 5649.279
1.0 0.0 0 319.0 6187.852
1.0 0.0 0 320.0 6601.931
1.0 0.0 0 321.0 6859.212
1.0 0.0 0 322.0 6942.898
1.0 0.0 0 323.0 6852.84
1.0 0.0 0 324.0 6611.854
1.0 0.0 0 325.0 6262.575
1.0 0.0 0 326.0 5849.912
1.0 0.0 0 327.0 5401.683
1.0 0.0 0 328.0 4922.404
1.0 0.0 0 329.0 4402.64
1.0 0.0 0 330.0 3835.218
1.0 0.0 0 331.0 3227.939
1.0 0.0 0 332.0 2606.649
1.0 0.0 0 333.0 2009.119
1.0 0.0 0 334.0 1475.741
1.0 0.0 0 335.0 1043.005
1.0 0.0 0 336.0 740.3647
1.0 0.0 0 337.0 588.396
1.0 0.0 0 338.0 598.9496
1.0 0.0 0 339.0 778.5526
1.0 0.0 0 340.0 1130.957
1.0 0.0 0 341.0 1652.68
1.0 0.0 0 342.0 2323.457
1.0 0.0 0 343.0 3101.75
1.0 0.0 0 344.0 3931.222
1.0 0.0 0 345.0 4752.714
1.0 0.0 0 346.0 5512.955
1.0 0.0 0 347.0 6167.966
1.0 0.0 0 348.0 6684.059
1.0 0.0 0 349.0 7037.527
1.0 0.0 0 350.0 7212.89
1.0 0.0 0 351.0 7202.527
1.0 0.0 0 352.0 7010.989
1.0 0.0 0 353.0 6661.338
1.0 0.0 0 354.0 6196.246
1.0 0.0 0 355.0 5670.546
1.0 0.0 0 356.0 5139.674
1.0 0.0 0 357.0 4650.459
1.0 0.0 0 358.0 4236.242
1.0 0.0 0 359.0 3914.298
1.0 0.0 0 360.0 3684.099
1.0 0.0 0 361.0 3527.579
1.0 0.0 0 362.0 3413.502
1.0 0.0 0 363.0 3306.067
1.0 0.0 0 364.0 3174.871
1.0 0.0 0 365.0 3001.863
1.0 0.0 0 366.0 2783.191
1.0 0.0 0 367.0 2527.735
1.0 0.0 0 368.0 2255.365
1.0 0.0 0 369.0 1995.168
1.0 0.0 0 370.0 1781.624
1.0 0.0 0 371.0 1648.762
1.0 0.0 0 372.0 1625.948
1.0 0.0 0 373.0 1738.335
1.0 0.0 0 374.0 2009.965
1.0 0.0 0 375.0 2464.226
1.0 0.0 0 376.0 3119.042
1.0 0.0 0 377.0 3979.837
1.0 0.0 0 378.0 5036.304
1.0 0.0 0 379.0 6267.848
1.0 0.0 0 380.0 7659.173
1.0 0.0 0 381.0 9222.444
1.0 0.0 0 382.0 11015.01
1.0 0.0 0 383.0 13136.38
1.0 0.0 0 384.0 15694.71
1.0 0.0 0 385.0 18752.36
1.0 0.0 0 386.0 22278.41
1.0 0.0 0 387.0 26132.73
1.0 0.0 0 388.0 30084.91
1.0 0.0 0 389.0 33855.16
1.0 0.0 0 390.0 37166.6
1.0 0.0 0 391.0 39806.69
1.0 0.0 0 392.0 41685.26
1.0 0.0 0 393.0 42857.81
1.0 0.0 0 394.0 43487.66
1.0 0.0 0 395.0 43761.62
1.0 0.0 0 396.0 43814.4
1.0 0.0 0 397.0 43710.79
1.0 0.0 0 398.0 43482.18
1.0 0.0 0 399.0 43166.01
1.0 0.0 0 400.0 42801.47
1.0 0.0 0 401.0 42384.66
1.0 0.0 0 402.0 41830.73
1.0 0.0 0 403.0 40986.41
1.0 0.0 0 404.0 39692.04
1.0 0.0 0 405.0 37852.38
1.0 0.0 0 406.0 35476.17
1.0 0.0 0 407.0 32674.62
1.0 0.0 0 408.0 29632.99
1.0 0.0 0 409.0 26567.89
1.0 0.0 0 410.0 23674.22
1.0 0.0 0 411.0 21073.19
1.0 0.0 0 412.0 18787.18
1.0 0.0 0 413.0 16761.55
1.0 0.0 0 414.0 14922.21
1.0 0.0 0 415.0 13230.03
1.0 0.0 0 416.0 11698.75
1.0 0.0 0 417.0 10372.29
1.0 0.0 0 418.0 9283.705
1.0 0.0 0 419.0 8422.22
1.0 0.0 0 420.0 7724.148
1.0 0.0 0 421.0 7089.662
1.0 0.0 0 422.0 6416.103
1.0 0.0 0 423.0 5632.355
1.0 0.0 0 424.0 4720.624
1.0 0.0 0 425.0 3720.093
1.0 0.0 0 426.0 2714.124
1.0 0.0 0 427.0 1805.403
1.0 0.0 0 428.0 1085.105
1.0 0.0 0 429.0 605.6552
1.0 0.0 0 430.0 367.9212
1.0 0.0 0 431.0 327.6163
1.0 0.0 0 432.0 415.3394
1.0 0.0 0 433.0 558.7881
1.0 0.0 0 434.0 698.2846
1.0 0.0 0 435.0 793.6584
1.0 0.0 0 436.0 825.1668
1.0 0.0 0 437.0 791.3516
1.0 0.0 0 438.0 704.9125
1.0 0.0 0 439.0 586.8036
1.0 0.0 0 440.0 459.5528
1.0 0.0 0 441.0 341.8387
1.0 0.0 0 442.0 246.0228
1.0 0.0 0 443.0 178.6387
1.0 0.0 0 444.0 142.3178
1.0 0.0 0 445.0 137.5204
1.0 0.0 0 446.0 163.4213
1.0 0.0 0 447.0 218.229
1.0 0.0 0 448.0 299.4595
1.0 0.0 0 449.0 404.4244
1.0 0.0 0 450.0 530.8563
1.0 0.0 0 451.0 677.4091
1.0 0.0 0 452.0 843.6713
1.0 0.0 0 453.0 1029.236
1.0 0.0 0 454.0 1231.599
1.0 0.0 0 455.0 1443.649
1.0 0.0 0 456.0 1652.615
1.0 0.0 0 457.0 1842.021
1.0 0.0 0 458.0 1995.91
1.0 0.0 0 459.0 2102.603
1.0 0.0 0 460.0 2155.964
1.0 0.0 0 461.0 2154.647
1.0 0.0 0 462.0 2100.94
1.0 0.0 0 463.0 1999.673
1.0 0.0 0 464.0 1856.709
1.0 0.0 0 465.0 1677.649
1.0 0.0 0 466.0 1468.463
1.0 0.0 0 467.0 1238.474
1.0 0.0 0 468.0 1003.376
1.0 0.0 0 469.0 785.2656
1.0 0.0 0 470.0 608.9308
1.0 0.0 0 471.0 496.4968
1.0 0.0 0 472.0 463.2762
1.0 0.0 0 473.0 516.3589
1.0 0.0 0 474.0 655.6399
1.0 0.0 0 475.0 875.9165
1.0 0.0 0 476.0 1168.616
1.0 0.0 0 477.0 1522.299
1.0 0.0 0 478.0 1921.863
1.0 0.0 0 479.0 2347.156
1.0 0.0 0 480.0 2772.274
1.0 0.0 0 481.0 3166.832
1.0 0.0 0 482.0 3499.518
1.0 0.0 0 483.0 3742.989
1.0 0.0 0 484.0 3878.711
1.0 0.0 0 485.0 3900.78
1.0 0.0 0 486.0 3817.721
1.0 0.0 0 487.0 3650.806
1.0 0.0 0 488.0 3428.264
1.0 0.0 0 489.0 3177.595
1.0 0.0 0 490.0 2920.072
1.0 0.0 0 491.0 2669.897
1.0 0.0 0 492.0 2436.759
1.0 0.0 0 493.0 2228.88
1.0 0.0 0 494.0 2054.76
1.0 0.0 0 495.0 1923.084
1.0 0.0 0 496.0 1840.27
1.0 0.0 0 497.0 1806.107
1.0 0.0 0 498.0 1810.477
1.0 0.0 0 499.0 1834.967
1.0 0.0 0 500.0 1859.797
0.0 1.0 0 85.0 5261.591
0.0 1.0 0 86.0 6770.843
0.0 1.0 0 87.0 7965.639
0.0 1.0 0 88.0 8857.985
0.0 1.0 0 89.0 9523.385
0.0 1.0 0 90.0 10096.93
0.0 1.0 0 91.0 10744.04
0.0 1.0 0 92.0 11587.26
0.0 1.0 0 93.0 12633.11
0.0 1.0 0 94.0 13772.3
0.0 1.0 0 95.0 14866.69
0.0 1.0 0 96.0 15848.87
0.0 1.0 0 97.0 16748.55
0.0 1.0 0 98.0 17633.89
0.0 1.0 0 99.0 18530.66
0.0 1.0 0 100.0 19388.67
0.0 1.0 0 101.0 20113.45
0.0 1.0 0 102.0 20627.15
0.0 1.0 0 103.0 20904.19
0.0 1.0 0 104.0 20952.72
0.0 1.0 0 105.0 20762.34
0.0 1.0 0 106.0 20271.07
0.0 1.0 0 107.0 19387.03
0.0 1.0 0 108.0 18047.99
0.0 1.0 0 109.0 16269.44
0.0 1.0 0 110.0 14150.53
0.0 1.0 0 111.0 11847.75
0.0 1.0 0 112.0 9540.793
0.0 1.0 0 113.0 7399.393
0.0 1.0 0 114.0 5548.353
0.0 1.0 0 115.0 4040.426
0.0 1.0 0 116.0 2858.606
0.0 1.0 0 117.0 1953.607
0.0 1.0 0 118.0 1288.998
0.0 1.0 0 119.0 855.2157
0.0 1.0 0 120.0 642.4861
0.0 1.0 0 121.0 603.7798
0.0 1.0 0 122.0 649.1182
0.0 1.0 0 123.0 681.6226
0.0 1.0 0 124.0 646.5093
0.0 1.0 0 125.0 554.7366
0.0 1.0 0 126.0 467.7121
0.0 1.0 0 127.0 460.7134
0.0 1.0 0 128.0 592.9865
0.0 1.0 0 129.0 898.7265
0.0 1.0 0 130.0 1393.426
0.0 1.0 0 131.0 2083.467
0.0 1.0 0 132.0 2975.052
0.0 1.0 0 133.0 4084.982
0.0 1.0 0 134.0 5447.031
0.0 1.0 0 135.0 7096.313
0.0 1.0 0 136.0 9026.466
0.0 1.0 0 137.0 11149.22
0.0 1.0 0 138.0 13302.27
0.0 1.0 0 139.0 15318.46
0.0 1.0 0 140.0 17114.99
0.0 1.0 0 141.0 18742.48
0.0 1.0 0 142.0 20365.59
0.0 1.0 0 143.0 22188.63
0.0 1.0 0 144.0 24357.45
0.0 1.0 0 145.0 26871.88
0.0 1.0 0 146.0 29548.41
0.0 1.0 0 147.0 32063.56
0.0 1.0 0 148.0 34069.21
0.0 1.0 0 149.0 35325.14
0.0 1.0 0 150.0 35785.58
0.0 1.0 0 151.0 35609.06
0.0 1.0 0 152.0 35102.54
0.0 1.0 0 153.0 34632.93
0.0 1.0 0 154.0 34544.47
0.0 1.0 0 155.0 35108.18
0.0 1.0 0 156.0 36499.75
0.0 1.0 0 157.0 38777.5
0.0 1.0 0 158.0 41845.4
0.0 1.0 0 159.0 45427.37
0.0 1.0 0 160.0 49094.07
0.0 1.0 0 161.0 52345.81
0.0 1.0 0 162.0 54711.63
0.0 1.0 0 163.0 55830.85
0.0 1.0 0 164.0 55522.33
0.0 1.0 0 165.0 53856.08
0.0 1.0 0 166.0 51208.4
0.0 1.0 0 167.0 48255.32
0.0 1.0 0 168.0 45876.89
0.0 1.0 0 169.0 44979.29
0.0 1.0 0 170.0 46259.4
0.0 1.0 0 171.0 49951.07
0.0 1.0 0 172.0 55634.14
0.0 1.0 0 173.0 62225.91
0.0 1.0 0 174.0 68232.43
0.0 1.0 0 175.0 72198.95
0.0 1.0 0 176.0 73161.78
0.0 1.0 0 177.0 70893.04
0.0 1.0 0 178.0 65861.6
0.0 1.0 0 179.0 58993.35
0.0 1.0 0 180.0 51378.32
0.0 1.0 0 181.0 44026.71
0.0 1.0 0 182.0 37703.36
0.0 1.0 0 183.0 32839.93
0.0 1.0 0 184.0 29524.26
0.0 1.0 0 185.0 27557.59
0.0 1.0 0 186.0 26548.97
0.0 1.0 0 187.0 26013.02
0.0 1.0 0 188.0 25457.98
0.0 1.0 0 189.0 24467.46
0.0 1.0 0 190.0 22773.18
0.0 1.0 0 191.0 20302.93
0.0 1.0 0 192.0 17188.0
0.0 1.0 0 193.0 13724.78
0.0 1.0 0 194.0 10294.78
0.0 1.0 0 195.0 7259.172
0.0 1.0 0 196.0 4860.427
0.0 1.0 0 197.0 3170.917
0.0 1.0 0 198.0 2107.597
0.0 1.0 0 199.0 1496.498
0.0 1.0 0 200.0 1149.803
0.0 1.0 0 201.0 924.1248
0.0 1.0 0 202.0 745.9342
0.0 1.0 0 203.0 603.2476
0.0 1.0 0 204.0 513.1554
0.0 1.0 0 205.0 485.2399
0.0 1.0 0 206.0 502.8327
0.0 1.0 0 207.0 530.6193
0.0 1.0 0 208.0 538.119
0.0 1.0 0 209.0 520.4482
0.0 1.0 0 210.0 504.5374
0.0 1.0 0 211.0 541.2184
0.0 1.0 0 212.0 691.1621
0.0 1.0 0 213.0 1012.057
0.0 1.0 0 214.0 1548.468
0.0 1.0 0 215.0 2321.679
0.0 1.0 0 216.0 3320.124
0.0 1.0 0 217.0 4497.606
0.0 1.0 0 218.0 5785.666
0.0 1.0 0 219.0 7116.902
0.0 1.0 0 220.0 8449.736
0.0 1.0 0 221.0 9788.496
0.0 1.0 0 222.0 11195.38
0.0 1.0 0 223.0 12784.29
0.0 1.0 0 224.0 14683.96
0.0 1.0 0 225.0 16976.96
0.0 1.0 0 226.0 19648.74
0.0 1.0 0 227.0 22582.48
0.0 1.0 0 228.0 25600.66
0.0 1.0 0 229.0 28519.82
0.0 1.0 0 230.0 31186.09
0.0 1.0 0 231.0 33488.72
0.0 1.0 0 232.0 35367.43
0.0 1.0 0 233.0 36821.22
0.0 1.0 0 234.0 37910.12
0.0 1.0 0 235.0 38738.73
0.0 1.0 0 236.0 39420.08
0.0 1.0 0 237.0 40030.82
0.0 1.0 0 238.0 40577.29
0.0 1.0 0 239.0 40992.19
0.0 1.0 0 240.0 41167.7
0.0 1.0 0 241.0 41010.1
0.0 1.0 0 242.0 40494.3
0.0 1.0 0 243.0 39707.57
0.0 1.0 0 244.0 38876.75
0.0 1.0 0 245.0 38358.19
0.0 1.0 0 246.0 38563.6
0.0 1.0 0 247.0 39830.7
0.0 1.0 0 248.0 42300.47
0.0 1.0 0 249.0 45869.42
0.0 1.0 0 250.0 50229.52
0.0 1.0 0 251.0 54951.61
0.0 1.0 0 252.0 59568.04
0.0 1.0 0 253.0 63649.21
0.0 1.0 0 254.0 66881.7
0.0 1.0 0 255.0 69129.35
0.0 1.0 0 256.0 70433.45
0.0 1.0 0 257.0 70924.64
0.0 1.0 0 258.0 70670.35
0.0 1.0 0 259.0 69541.02
0.0 1.0 0 260.0 67206.55
0.0 1.0 0 261.0 63324.75
0.0 1.0 0 262.0 57846.11
0.0 1.0 0 263.0 51225.91
0.0 1.0 0 264.0 44352.79
0.0 1.0 0 265.0 38203.47
0.0 1.0 0 266.0 33448.95
0.0 1.0 0 267.0 30262.26
0.0 1.0 0 268.0 28397.06
0.0 1.0 0 269.0 27411.38
0.0 1.0 0 270.0 26869.2
0.0 1.0 0 271.0 26444.16
0.0 1.0 0 272.0 25941.48
0.0 1.0 0 273.0 25277.17
0.0 1.0 0 274.0 24439.31
0.0 1.0 0 275.0 23447.86
0.0 1.0 0 276.0 22325.01
0.0 1.0 0 277.0 21078.97
0.0 1.0 0 278.0 19699.09
0.0 1.0 0 279.0 18164.89
0.0 1.0 0 280.0 16468.72
0.0 1.0 0 281.0 14636.79
0.0 1.0 0 282.0 12729.42
0.0 1.0 0 283.0 10820.45
0.0 1.0 0 284.0 8976.189
0.0 1.0 0 285.0 7248.958
0.0 1.0 0 286.0 5679.989
0.0 1.0 0 287.0 4300.611
0.0 1.0 0 288.0 3132.008
0.0 1.0 0 289.0 2189.33
0.0 1.0 0 290.0 1487.035
0.0 1.0 0 291.0 1036.139
0.0 1.0 0 292.0 832.9222
0.0 1.0 0 293.0 850.1236
0.0 1.0 0 294.0 1040.011
0.0 1.0 0 295.0 1347.142
0.0 1.0 0 296.0 1721.535
0.0 1.0 0 297.0 2125.341
0.0 1.0 0 298.0 2532.048
0.0 1.0 0 299.0 2921.361
0.0 1.0 0 300.0 3274.095
0.0 1.0 0 301.0 3569.882
0.0 1.0 0 302.0 3787.576
0.0 1.0 0 303.0 3907.172
0.0 1.0 0 304.0 3913.661
0.0 1.0 0 305.0 3804.067
0.0 1.0 0 306.0 3596.49
0.0 1.0 0 307.0 3336.794
0.0 1.0 0 308.0 3097.926
0.0 1.0 0 309.0 2969.247
0.0 1.0 0 310.0 3038.022
0.0 1.0 0 311.0 3370.851
0.0 1.0 0 312.0 4003.969
0.0 1.0 0 313.0 4943.535
0.0 1.0 0 314.0 6167.597
0.0 1.0 0 315.0 7624.305
0.0 1.0 0 316.0 9235.021
0.0 1.0 0 317.0 10914.67
0.0 1.0 0 318.0 12602.75
0.0 1.0 0 319.0 14278.42
0.0 1.0 0 320.0 15943.07
0.0 1.0 0 321.0 17586.89
0.0 1.0 0 322.0 19172.92
0.0 1.0 0 323.0 20650.97
0.0 1.0 0 324.0 21981.74
0.0 1.0 0 325.0 23146.47
0.0 1.0 0 326.0 24138.8
0.0 1.0 0 327.0 24952.34
0.0 1.0 0 328.0 25573.0
0.0 1.0 0 329.0 25973.97
0.0 1.0 0 330.0 26112.19
0.0 1.0 0 331.0 25932.79
0.0 1.0 0 332.0 25388.21
0.0 1.0 0 333.0 24467.3
0.0 1.0 0 334.0 23217.7
0.0 1.0 0 335.0 21745.51
0.0 1.0 0 336.0 20191.95
0.0 1.0 0 337.0 18706.9
0.0 1.0 0 338.0 17442.53
0.0 1.0 0 339.0 16568.42
0.0 1.0 0 340.0 16281.39
0.0 1.0 0 341.0 16780.21
0.0 1.0 0 342.0 18204.81
0.0 1.0 0 343.0 20571.57
0.0 1.0 0 344.0 23739.93
0.0 1.0 0 345.0 27426.48
0.0 1.0 0 346.0 31263.81
0.0 1.0 0 347.0 34889.67
0.0 1.0 0 348.0 38037.42
0.0 1.0 0 349.0 40585.17
0.0 1.0 0 350.0 42535.2
0.0 1.0 0 351.0 43938.72
0.0 1.0 0 352.0 44817.18
0.0 1.0 0 353.0 45122.73
0.0 1.0 0 354.0 44742.44
0.0 1.0 0 355.0 43529.34
0.0 1.0 0 356.0 41353.65
0.0 1.0 0 357.0 38175.88
0.0 1.0 0 358.0 34123.11
0.0 1.0 0 359.0 29522.18
0.0 1.0 0 360.0 24853.1
0.0 1.0 0 361.0 20633.69
0.0 1.0 0 362.0 17289.72
0.0 1.0 0 363.0 15064.58
0.0 1.0 0 364.0 13989.62
0.0 1.0 0 365.0 13906.64
0.0 1.0 0 366.0 14525.44
0.0 1.0 0 367.0 15500.47
0.0 1.0 0 368.0 16509.3
0.0 1.0 0 369.0 17314.26
0.0 1.0 0 370.0 17794.68
0.0 1.0 0 371.0 17946.81
0.0 1.0 0 372.0 17854.91
0.0 1.0 0 373.0 17641.88
0.0 1.0 0 374.0 17415.8
0.0 1.0 0 375.0 17233.29
0.0 1.0 0 376.0 17093.46
0.0 1.0 0 377.0 16957.22
0.0 1.0 0 378.0 16774.33
0.0 1.0 0 379.0 16504.2
0.0 1.0 0 380.0 16127.85
0.0 1.0 0 381.0 15652.35
0.0 1.0 0 382.0 15106.14
0.0 1.0 0 383.0 14524.34
0.0 1.0 0 384.0 13930.9
0.0 1.0 0 385.0 13327.94
0.0 1.0 0 386.0 12697.38
0.0 1.0 0 387.0 12010.98
0.0 1.0 0 388.0 11242.11
0.0 1.0 0 389.0 10375.53
0.0 1.0 0 390.0 9413.489
0.0 1.0 0 391.0 8376.955
0.0 1.0 0 392.0 7301.931
0.0 1.0 0 393.0 6233.31
0.0 1.0 0 394.0 5218.883
0.0 1.0 0 395.0 4303.554
0.0 1.0 0 396.0 3522.551
0.0 1.0 0 397.0 2894.49
0.0 1.0 0 398.0 2417.753
0.0 1.0 0 399.0 2073.27
0.0 1.0 0 400.0 1833.173
0.0 1.0 0 401.0 1670.72
0.0 1.0 0 402.0 1565.819
0.0 1.0 0 403.0 1503.895
0.0 1.0 0 404.0 1471.507
0.0 1.0 0 405.0 1454.616
0.0 1.0 0 406.0 1441.648
0.0 1.0 0 407.0 1427.741
0.0 1.0 0 408.0 1415.532
0.0 1.0 0 409.0 1412.17
0.0 1.0 0 410.0 1425.754
0.0 1.0 0 411.0 1463.142
0.0 1.0 0 412.0 1528.426
0.0 1.0 0 413.0 1621.367
0.0 1.0 0 414.0 1736.752
0.0 1.0 0 415.0 1865.263
0.0 1.0 0 416.0 1994.786
0.0 1.0 0 417.0 2111.091
0.0 1.0 0 418.0 2198.555
0.0 1.0 0 419.0 2242.045
0.0 1.0 0 420.0 2229.526
0.0 1.0 0 421.0 2154.297
0.0 1.0 0 422.0 2017.118
0.0 1.0 0 423.0 1829.321
0.0 1.0 0 424.0 1616.075
0.0 1.0 0 425.0 1416.446
0.0 1.0 0 426.0 1277.426
0.0 1.0 0 427.0 1242.863
0.0 1.0 0 428.0 1341.847
0.0 1.0 0 429.0 1581.523
0.0 1.0 0 430.0 1946.801
0.0 1.0 0 431.0 2406.384
0.0 1.0 0 432.0 2922.397
0.0 1.0 0 433.0 3459.662
0.0 1.0 0 434.0 3990.583
0.0 1.0 0 435.0 4493.777
0.0 1.0 0 436.0 4949.006
0.0 1.0 0 437.0 5334.019
0.0 1.0 0 438.0 5626.934
0.0 1.0 0 439.0 5812.247
0.0 1.0 0 440.0 5885.551
0.0 1.0 0 441.0 5854.478
0.0 1.0 0 442.0 5736.947
0.0 1.0 0 443.0 5557.787
0.0 1.0 0 444.0 5343.297
0.0 1.0 0 445.0 5115.058
0.0 1.0 0 446.0 4887.681
0.0 1.0 0 447.0 4673.614
0.0 1.0 0 448.0 4491.597
0.0 1.0 0 449.0 4371.709
0.0 1.0 0 450.0 4353.702
0.0 1.0 0 451.0 4480.783
0.0 1.0 0 452.0 4791.695
0.0 1.0 0 453.0 5312.172
0.0 1.0 0 454.0 6047.768
0.0 1.0 0 455.0 6981.615
0.0 1.0 0 456.0 8077.536
0.0 1.0 0 457.0 9284.001
0.0 1.0 0 458.0 10535.97
0.0 1.0 0 459.0 11758.66
0.0 1.0 0 460.0 12878.19
0.0 1.0 0 461.0 13835.0
0.0 1.0 0 462.0 14588.35
0.0 1.0 0 463.0 15108.26
0.0 1.0 0 464.0 15366.5
0.0 1.0 0 465.0 15340.86
0.0 1.0 0 466.0 15031.66
0.0 1.0 0 467.0 14472.65
0.0 1.0 0 468.0 13721.55
0.0 1.0 0 469.0 12836.94
0.0 1.0 0 470.0 11863.37
0.0 1.0 0 471.0 10838.12
0.0 1.0 0 472.0 9810.467
0.0 1.0 0 473.0 8852.203
0.0 1.0 0 474.0 8049.702
0.0 1.0 0 475.0 7487.52
0.0 1.0 0 476.0 7238.515
0.0 1.0 0 477.0 7363.478
0.0 1.0 0 478.0 7912.555
0.0 1.0 0 479.0 8923.118
0.0 1.0 0 480.0 10414.77
0.0 1.0 0 481.0 12379.6
0.0 1.0 0 482.0 14761.86
0.0 1.0 0 483.0 17429.51
0.0 1.0 0 484.0 20156.88
0.0 1.0 0 485.0 22640.75
0.0 1.0 0 486.0 24554.21
0.0 1.0 0 487.0 25621.58
0.0 1.0 0 488.0 25689.03
0.0 1.0 0 489.0 24768.04
0.0 1.0 0 490.0 23033.34
0.0 1.0 0 491.0 20769.35
0.0 1.0 0 492.0 18283.78
0.0 1.0 0 493.0 15827.56
0.0 1.0 0 494.0 13554.89
0.0 1.0 0 495.0 11528.6
0.0 1.0 0 496.0 9753.217
0.0 1.0 0 497.0 8215.608
0.0 1.0 0 498.0 6917.728
0.0 1.0 0 499.0 5886.413
0.0 1.0 0 500.0 5152.425
0.0 2.0 0 281.0 191.062
0.0 2.0 0 282.0 183.6762
0.0 2.0 0 283.0 160.9784
0.0 2.0 0 284.0 140.3175
0.0 2.0 0 285.0 146.0687
0.0 2.0 0 286.0 201.6702
0.0 2.0 0 287.0 321.5679
0.0 2.0 0 288.0 507.4356
0.0 2.0 0 289.0 750.8122
0.0 2.0 0 290.0 1039.612
0.0 2.0 0 291.0 1362.827
0.0 2.0 0 292.0 1710.164
0.0 2.0 0 293.0 2069.488
0.0 2.0 0 294.0 2427.739
0.0 2.0 0 295.0 2776.383
0.0 2.0 0 296.0 3115.739
0.0 2.0 0 297.0 3452.463
0.0 2.0 0 298.0 3791.798
0.0 2.0 0 299.0 4132.269
0.0 2.0 0 300.0 4467.49
0.0 2.0 0 301.0 4791.245
0.0 2.0 0 302.0 5098.271
0.0 2.0 0 303.0 5378.842
0.0 2.0 0 304.0 5613.518
0.0 2.0 0 305.0 5775.463
0.0 2.0 0 306.0 5839.973
0.0 2.0 0 307.0 5793.198
0.0 2.0 0 308.0 5633.426
0.0 2.0 0 309.0 5366.946
0.0 2.0 0 310.0 5006.025
0.0 2.0 0 311.0 4572.197
0.0 2.0 0 312.0 4099.702
0.0 2.0 0 313.0 3632.188
0.0 2.0 0 314.0 3212.825
0.0 2.0 0 315.0 2874.779
0.0 2.0 0 316.0 2638.084
0.0 2.0 0 317.0 2512.878
0.0 2.0 0 318.0 2505.131
0.0 2.0 0 319.0 2621.621
0.0 2.0 0 320.0 2873.036
0.0 2.0 0 321.0 3275.005
0.0 2.0 0 322.0 3846.516
0.0 2.0 0 323.0 4604.597
0.0 2.0 0 324.0 5555.491
0.0 2.0 0 325.0 6687.715
0.0 2.0 0 326.0 7976.354
0.0 2.0 0 327.0 9401.703
0.0 2.0 0 328.0 10969.74
0.0 2.0 0 329.0 12714.68
0.0 2.0 0 330.0 14678.6
0.0 2.0 0 331.0 16885.53
0.0 2.0 0 332.0 19329.68
0.0 2.0 0 333.0 21976.93
0.0 2.0 0 334.0 24765.03
0.0 2.0 0 335.0 27600.58
0.0 2.0 0 336.0 30368.15
0.0 2.0 0 337.0 32957.69
0.0 2.0 0 338.0 35289.92
0.0 2.0 0 339.0 37313.52
0.0 2.0 0 340.0 38975.56
0.0 2.0 0 341.0 40195.14
0.0 2.0 0 342.0 40865.73
0.0 2.0 0 343.0 40884.37
0.0 2.0 0 344.0 40187.21
0.0 2.0 0 345.0 38773.4
0.0 2.0 0 346.0 36708.71
0.0 2.0 0 347.0 34108.17
0.0 2.0 0 348.0 31106.16
0.0 2.0 0 349.0 27832.85
0.0 2.0 0 350.0 24411.54
0.0 2.0 0 351.0 20971.08
0.0 2.0 0 352.0 17650.98
0.0 2.0 0 353.0 14585.2
0.0 2.0 0 354.0 11874.66
0.0 2.0 0 355.0 9570.022
0.0 2.0 0 356.0 7674.192
0.0 2.0 0 357.0 6156.456
0.0 2.0 0 358.0 4966.387
0.0 2.0 0 359.0 4044.815
0.0 2.0 0 360.0 3334.111
0.0 2.0 0 361.0 2786.297
0.0 2.0 0 362.0 2364.637
0.0 2.0 0 363.0 2039.374
0.0 2.0 0 364.0 1784.276
0.0 2.0 0 365.0 1578.359
0.0 2.0 0 366.0 1409.448
0.0 2.0 0 367.0 1273.767
0.0 2.0 0 368.0 1171.135
0.0 2.0 0 369.0 1100.461
0.0 2.0 0 370.0 1058.517
0.0 2.0 0 371.0 1040.15
0.0 2.0 0 372.0 1037.273
0.0 2.0 0 373.0 1037.399
0.0 2.0 0 374.0 1024.747
0.0 2.0 0 375.0 985.1154
0.0 2.0 0 376.0 912.0579
0.0 2.0 0 377.0 809.9576
0.0 2.0 0 378.0 691.2816
0.0 2.0 0 379.0 569.8114
0.0 2.0 0 380.0 455.4784
0.0 2.0 0 381.0 355.0036
0.0 2.0 0 382.0 276.1886
0.0 2.0 0 383.0 229.4064
0.0 2.0 0 384.0 223.3153
0.0 2.0 0 385.0 259.05
0.0 2.0 0 386.0 328.9627
0.0 2.0 0 387.0 420.5271
0.0 2.0 0 388.0 520.9463
0.0 2.0 0 389.0 619.3752
0.0 2.0 0 390.0 707.9974
0.0 2.0 0 391.0 783.9298
0.0 2.0 0 392.0 850.9759
0.0 2.0 0 393.0 918.8804
0.0 2.0 0 394.0 1000.036
0.0 2.0 0 395.0 1106.055
0.0 2.0 0 396.0 1245.982
0.0 2.0 0 397.0 1425.586
0.0 2.0 0 398.0 1646.586
0.0 2.0 0 399.0 1906.107
0.0 2.0 0 400.0 2197.247
0.0 2.0 0 401.0 2510.116
0.0 2.0 0 402.0 2831.558
0.0 2.0 0 403.0 3143.574
0.0 2.0 0 404.0 3423.293
0.0 2.0 0 405.0 3646.528
0.0 2.0 0 406.0 3793.067
0.0 2.0 0 407.0 3850.229
0.0 2.0 0 408.0 3814.341
0.0 2.0 0 409.0 3692.568
0.0 2.0 0 410.0 3504.908
0.0 2.0 0 411.0 3282.234
0.0 2.0 0 412.0 3057.795
0.0 2.0 0 413.0 2856.157
0.0 2.0 0 414.0 2686.992
0.0 2.0 0 415.0 2547.479
0.0 2.0 0 416.0 2430.495
0.0 2.0 0 417.0 2332.045
0.0 2.0 0 418.0 2252.731
0.0 2.0 0 419.0 2193.415
0.0 2.0 0 420.0 2150.957
0.0 2.0 0 421.0 2119.939
0.0 2.0 0 422.0 2099.273
0.0 2.0 0 423.0 2096.806
0.0 2.0 0 424.0 2128.249
0.0 2.0 0 425.0 2213.921
0.0 2.0 0 426.0 2376.885
0.0 2.0 0 427.0 2640.582
0.0 2.0 0 428.0 3024.332
0.0 2.0 0 429.0 3541.324
0.0 2.0 0 430.0 4203.728
0.0 2.0 0 431.0 5030.715
0.0 2.0 0 432.0 6050.845
0.0 2.0 0 433.0 7296.533
0.0 2.0 0 434.0 8794.239
0.0 2.0 0 435.0 10553.45
0.0 2.0 0 436.0 12559.11
0.0 2.0 0 437.0 14775.52
0.0 2.0 0 438.0 17160.36
0.0 2.0 0 439.0 19668.68
0.0 2.0 0 440.0 22234.5
0.0 2.0 0 441.0 24755.35
0.0 2.0 0 442.0 27119.27
0.0 2.0 0 443.0 29263.6
0.0 2.0 0 444.0 31200.36
0.0 2.0 0 445.0 32970.58
0.0 2.0 0 446.0 34579.39
0.0 2.0 0 447.0 35989.97
0.0 2.0 0 448.0 37176.25
0.0 2.0 0 449.0 38158.26
0.0 2.0 0 450.0 38975.68
0.0 2.0 0 451.0 39640.13
0.0 2.0 0 452.0 40123.42
0.0 2.0 0 453.0 40380.31
0.0 2.0 0 454.0 40371.98
0.0 2.0 0 455.0 40083.95
0.0 2.0 0 456.0 39546.67
0.0 2.0 0 457.0 38834.79
0.0 2.0 0 458.0 38013.51
0.0 2.0 0 459.0 37063.17
0.0 2.0 0 460.0 35863.67
0.0 2.0 0 461.0 34269.04
0.0 2.0 0 462.0 32203.28
0.0 2.0 0 463.0 29692.67
0.0 2.0 0 464.0 26832.31
0.0 2.0 0 465.0 23748.46
0.0 2.0 0 466.0 20589.95
0.0 2.0 0 467.0 17522.88
0.0 2.0 0 468.0 14701.09
0.0 2.0 0 469.0 12227.54
0.0 2.0 0 470.0 10139.15
0.0 2.0 0 471.0 8420.585
0.0 2.0 0 472.0 7027.079
0.0 2.0 0 473.0 5900.897
0.0 2.0 0 474.0 4981.962
0.0 2.0 0 475.0 4217.405
0.0 2.0 0 476.0 3569.34
0.0 2.0 0 477.0 3017.279
0.0 2.0 0 478.0 2553.282
0.0 2.0 0 479.0 2171.686
0.0 2.0 0 480.0 1859.98
0.0 2.0 0 481.0 1598.135
0.0 2.0 0 482.0 1366.547
0.0 2.0 0 483.0 1154.158
0.0 2.0 0 484.0 959.3609
0.0 2.0 0 485.0 785.2768
0.0 2.0 0 486.0 635.4977
0.0 2.0 0 487.0 512.4855
0.0 2.0 0 488.0 416.8736
0.0 2.0 0 489.0 347.0787
0.0 2.0 0 490.0 300.1303
0.0 2.0 0 491.0 273.0301
0.0 2.0 0 492.0 263.1084
0.0 2.0 0 493.0 267.9218
0.0 2.0 0 494.0 286.014
0.0 2.0 0 495.0 317.4143
0.0 2.0 0 496.0 361.804
0.0 2.0 0 497.0 415.4187
0.0 2.0 0 498.0 470.2186
0.0 2.0 0 499.0 516.6102
0.0 2.0 0 500.0 547.3944
2.0 0.0 0 281.0 2077.934
2.0 0.0 0 282.0 2189.946
2.0 0.0 0 283.0 2235.068
2.0 0.0 0 284.0 2214.255
2.0 0.0 0 285.0 2128.132
2.0 0.0 0 286.0 1976.038
2.0 0.0 0 287.0 1763.667
2.0 0.0 0 288.0 1510.417
2.0 0.0 0 289.0 1250.299
2.0 0.0 0 290.0 1027.46
2.0 0.0 0 291.0 888.9498
2.0 0.0 0 292.0 875.1199
2.0 0.0 0 293.0 1009.447
2.0 0.0 0 294.0 1293.879
2.0 0.0 0 295.0 1714.634
2.0 0.0 0 296.0 2254.48
2.0 0.0 0 297.0 2900.441
2.0 0.0 0 298.0 3640.033
2.0 0.0 0 299.0 4451.773
2.0 0.0 0 300.0 5302.8
2.0 0.0 0 301.0 6159.117
2.0 0.0 0 302.0 6999.64
2.0 0.0 0 303.0 7820.812
2.0 0.0 0 304.0 8630.028
2.0 0.0 0 305.0 9439.007
2.0 0.0 0 306.0 10265.08
2.0 0.0 0 307.0 11132.83
2.0 0.0 0 308.0 12063.16
2.0 0.0 0 309.0 13051.3
2.0 0.0 0 310.0 14052.16
2.0 0.0 0 311.0 14987.34
2.0 0.0 0 312.0 15767.8
2.0 0.0 0 313.0 16315.21
2.0 0.0 0 314.0 16573.59
2.0 0.0 0 315.0 16515.22
2.0 0.0 0 316.0 16145.2
2.0 0.0 0 317.0 15501.21
2.0 0.0 0 318.0 14645.23
2.0 0.0 0 319.0 13650.46
2.0 0.0 0 320.0 12589.12
2.0 0.0 0 321.0 11522.02
2.0 0.0 0 322.0 10488.89
2.0 0.0 0 323.0 9502.673
2.0 0.0 0 324.0 8553.841
2.0 0.0 0 325.0 7624.138
2.0 0.0 0 326.0 6701.815
2.0 0.0 0 327.0 5789.638
2.0 0.0 0 328.0 4903.636
2.0 0.0 0 329.0 4066.437
2.0 0.0 0 330.0 3300.043
2.0 0.0 0 331.0 2621.011
2.0 0.0 0 332.0 2038.604
2.0 0.0 0 333.0 1554.919
2.0 0.0 0 334.0 1166.085
2.0 0.0 0 335.0 864.691
2.0 0.0 0 336.0 643.2685
2.0 0.0 0 337.0 496.5588
2.0 0.0 0 338.0 420.1434
2.0 0.0 0 339.0 406.6846
2.0 0.0 0 340.0 443.9204
2.0 0.0 0 341.0 516.1063
2.0 0.0 0 342.0 606.1413
2.0 0.0 0 343.0 695.9257
2.0 0.0 0 344.0 766.8564
2.0 0.0 0 345.0 803.3818
2.0 0.0 0 346.0 798.1176
2.0 0.0 0 347.0 753.8787
2.0 0.0 0 348.0 680.8802
2.0 0.0 0 349.0 591.9525
2.0 0.0 0 350.0 498.8928
2.0 0.0 0 351.0 410.388
2.0 0.0 0 352.0 331.1553
2.0 0.0 0 353.0 263.0058
2.0 0.0 0 354.0 207.8191
2.0 0.0 0 355.0 170.1642
2.0 0.0 0 356.0 157.3053
2.0 0.0 0 357.0 177.0232
2.0 0.0 0 358.0 235.2816
2.0 0.0 0 359.0 334.6202
2.0 0.0 0 360.0 472.9578
2.0 0.0 0 361.0 643.1262
2.0 0.0 0 362.0 834.0456
2.0 0.0 0 363.0 1033.325
2.0 0.0 0 364.0 1229.833
2.0 0.0 0 365.0 1415.264
2.0 0.0 0 366.0 1584.767
2.0 0.0 0 367.0 1736.75
2.0 0.0 0 368.0 1871.745
2.0 0.0 0 369.0 1991.16
2.0 0.0 0 370.0 2097.476
2.0 0.0 0 371.0 2196.219
2.0 0.0 0 372.0 2297.718
2.0 0.0 0 373.0 2416.321
2.0 0.0 0 374.0 2566.76
2.0 0.0 0 375.0 2759.496
2.0 0.0 0 376.0 2997.154
2.0 0.0 0 377.0 3273.26
2.0 0.0 0 378.0 3573.562
2.0 0.0 0 379.0 3879.315
2.0 0.0 0 380.0 4170.989
2.0 0.0 0 381.0 4430.681
2.0 0.0 0 382.0 4642.714
2.0 0.0 0 383.0 4793.447
2.0 0.0 0 384.0 4871.801
2.0 0.0 0 385.0 4871.095
2.0 0.0 0 386.0 4791.679
2.0 0.0 0 387.0 4643.131
2.0 0.0 0 388.0 4444.336
2.0 0.0 0 389.0 4219.806
2.0 0.0 0 390.0 3992.204
2.0 0.0 0 391.0 3774.267
2.0 0.0 0 392.0 3565.26
2.0 0.0 0 393.0 3354.656
2.0 0.0 0 394.0 3130.309
2.0 0.0 0 395.0 2885.471
2.0 0.0 0 396.0 2621.63
2.0 0.0 0 397.0 2348.634
2.0 0.0 0 398.0 2084.487
2.0 0.0 0 399.0 1854.815
2.0 0.0 0 400.0 1691.049
2.0 0.0 0 401.0 1628.08
2.0 0.0 0 402.0 1702.997
2.0 0.0 0 403.0 1954.774
2.0 0.0 0 404.0 2423.368
2.0 0.0 0 405.0 3147.618
2.0 0.0 0 406.0 4162.341
2.0 0.0 0 407.0 5494.697
2.0 0.0 0 408.0 7160.196
2.0 0.0 0 409.0 9159.797
2.0 0.0 0 410.0 11476.83
2.0 0.0 0 411.0 14067.08
2.0 0.0 0 412.0 16837.38
2.0 0.0 0 413.0 19622.64
2.0 0.0 0 414.0 22184.05
2.0 0.0 0 415.0 24242.86
2.0 0.0 0 416.0 25540.48
2.0 0.0 0 417.0 25900.1
2.0 0.0 0 418.0 25270.61
2.0 0.0 0 419.0 23744.09
2.0 0.0 0 420.0 21539.99
2.0 0.0 0 421.0 18951.75
2.0 0.0 0 422.0 16270.07
2.0 0.0 0 423.0 13717.91
2.0 0.0 0 424.0 11426.42
2.0 0.0 0 425.0 9449.401
2.0 0.0 0 426.0 7790.541
2.0 0.0 0 427.0 6424.3
2.0 0.0 0 428.0 5311.122
2.0 0.0 0 429.0 4411.634
2.0 0.0 0 430.0 3694.946
2.0 0.0 0 431.0 3135.026
2.0 0.0 0 432.0 2701.349
2.0 0.0 0 433.0 2356.543
2.0 0.0 0 434.0 2064.0
2.0 0.0 0 435.0 1796.422
2.0 0.0 0 436.0 1537.947
2.0 0.0 0 437.0 1282.432
2.0 0.0 0 438.0 1033.165
2.0 0.0 0 439.0 802.6672
2.0 0.0 0 440.0 607.5966
2.0 0.0 0 441.0 459.2449
2.0 0.0 0 442.0 356.8329
2.0 0.0 0 443.0 289.4114
2.0 0.0 0 444.0 244.2448
2.0 0.0 0 445.0 214.1686
2.0 0.0 0 446.0 198.7153
2.0 0.0 0 447.0 200.2994
2.0 0.0 0 448.0 220.394
2.0 0.0 0 449.0 258.4878
2.0 0.0 0 450.0 312.4494
2.0 0.0 0 451.0 378.1647
2.0 0.0 0 452.0 448.991
2.0 0.0 0 453.0 516.8112
2.0 0.0 0 454.0 574.1024
2.0 0.0 0 455.0 614.6601
2.0 0.0 0 456.0 632.9944
2.0 0.0 0 457.0 625.3121
2.0 0.0 0 458.0 592.9074
2.0 0.0 0 459.0 543.9896
2.0 0.0 0 460.0 490.1571
2.0 0.0 0 461.0 439.9254
2.0 0.0 0 462.0 395.6229
2.0 0.0 0 463.0 355.9228
2.0 0.0 0 464.0 319.7791
2.0 0.0 0 465.0 287.202
2.0 0.0 0 466.0 257.5726
2.0 0.0 0 467.0 229.2252
2.0 0.0 0 468.0 201.489
2.0 0.0 0 469.0 177.0056
2.0 0.0 0 470.0 162.3607
2.0 0.0 0 471.0 167.0707
2.0 0.0 0 472.0 201.3409
2.0 0.0 0 473.0 272.5183
2.0 0.0 0 474.0 381.3111
2.0 0.0 0 475.0 520.5979
2.0 0.0 0 476.0 678.656
2.0 0.0 0 477.0 844.9308
2.0 0.0 0 478.0 1014.167
2.0 0.0 0 479.0 1186.482
2.0 0.0 0 480.0 1364.522
2.0 0.0 0 481.0 1550.314
2.0 0.0 0 482.0 1743.232
2.0 0.0 0 483.0 1939.113
2.0 0.0 0 484.0 2130.646
2.0 0.0 0 485.0 2309.615
2.0 0.0 0 486.0 2470.73
2.0 0.0 0 487.0 2615.186
2.0 0.0 0 488.0 2751.607
2.0 0.0 0 489.0 2893.552
2.0 0.0 0 490.0 3054.848
2.0 0.0 0 491.0 3244.798
2.0 0.0 0 492.0 3464.662
2.0 0.0 0 493.0 3705.92
2.0 0.0 0 494.0 3950.642
2.0 0.0 0 495.0 4174.441
2.0 0.0 0 496.0 4352.075
2.0 0.0 0 497.0 4464.532
2.0 0.0 0 498.0 4505.097
2.0 0.0 0 499.0 4481.529
2.0 0.0 0 500.0 4412.825
